1002505
10215225
10353551
10443524
10697096
10870371
10917472
1100923
1105874
11198758
11284275
11340704
11505635
11509269
11515905
11587704
11820411
11956391
11990843
12030045
12103366
1222462
12238872
1235693
1235711
1270498
1285977
12950135
13523170
14435553
14446398
14510113
14569483
14569484
14608152
14743032
14977734
15074182
15103568
15353456
15370594
15581318
15628710
15674171
15919275
1616723
16212597
16214360
16308678
16322967
1637248
16582522
16631702
16675244
16770235
16825964
16831441
1693329
17029121
17058657
17058658
17110887
17227272
17262180
17410733
17514061
17650694
17658097
17711959
17906799
17984019
18098083
18297467
18469648
18469649
1864750
1874102
18803979
18941102
18949513
19092011
19252022
19276767
19339725
19351464
1938460
19408603
19419619
19522211
19527946
19569596
19573871
19590301
19590338
19674423
19704278
19741406
19760385
19787475
19815423
19877774
19901662
19902768
19935113
1998429
20007637
20068479
20078530
20093978
20132505
20214344
20221577
20453773
2052941
20539173
20638653
20670587
20718981
20726406
20974431
21161746
21209274
21243572
21244706
21248650
21318951
21351621
21443785
21485580
21604035
21604036
21629427
21706805
21724181
21729644
21763475
21817910
21825950
21841953
21870389
21870393
22008858
22008859
22182862
22182884
22182898
22190569
2219541
22351879
22374073
22442875
22510188
22560319
2263244
2266261
22704606
22706659
22767298
22815325
22910817
2292480
22936227
22943086
23006695
23007016
23036605
23077892
23084501
23098197
23142996
23200067
23204887
23287754
23415550
23420330
23447473
23511840
23541778
23569711
23627147
2369204
23722899
23764613
24075300
24165085
24182470
24296093
24332957
24384499
24414144
24426851
24458047
24502014
24507379
24521665
24614298
24640358
24738209
24743414
24838236
24882301
24887787
24887796
24899593
25069400
25159250
25193951
25214971
25238337
25255725
25270323
25301418
25316002
25403887
25425610
25463426
25468091
25536214
25624272
25639044
25642282
25710011
25710423
25742255
25748665
25760183
25831912
25875089
25910672
25982604
26003405
26031254
26033132
26072282
26096325
26118783
26222250
26246061
26273137
26307889
26324411
2633931
26370635
26374224
26402525
26454653
2648015
26506935
26516736
26521992
26530190
26539928
26556021
26595710
26693118
26693119
26733094
26763839
26802843
26816247
26848471
26850079
26889439
26891160
26899958
27067863
27073261
27084543
27099054
2715037
27158007
27192468
27206779
27215708
27224037
27272917
27293864
27307787
27355282
27359278
27366436
27387790
27431822
27438051
27461999
27482027
27495253
27572614
27572897
27602896
27607891
27666641
27733996
27793168
27811559
27912931
27916036
27939010
27984449
28007867
28030502
28030506
2805926
28100942
28126195
28144607
28214457
28291768
28349756
28363365
28376814
28391778
28446987
28538630
28549363
28588328
28697083
28700410
28793672
28795026
28805782
28822364
28822378
28850860
28852836
28902086
29037517
29042090
29055760
29077677
29088557
29088559
29095691
29124273
29153813
29180034
29318889
29331435
29336816
29353526
29368085
29402425
29429475
29493501
29500508
29525055
29563370
29626216
29630876
29687275
29688025
29691596
29723878
29738402
29766079
29774196
29785655
29787540
29793897
29803251
29807546
29929691
29959488
29963392
29966568
29981613
30023436
30040261
30043074
30063592
30073550
30081030
30101174
30117131
30132024
30170393
30180219
30186934
30211790
30229337
30257784
30268166
30276722
30277986
30286120
30338260
30341561
30418334
30442372
30450203
30461566
30479250
30481739
30482587
30482588
30503600
30542416
30562256
30562257
30632341
30704218
30739088
30772291
30813220
30815215
30842014
30857639
30878761
30906577
30940753
30946326
30967454
30984813
30989244
31008179
31022284
31036030
31045734
31047683
31049282
31068507
31096506
31100568
31107433
31126359
31157389
31161874
31179112
31186011
31205757
31205759
31205760
31205762
31205763
31205764
31205765
31205770
31220003
31258691
31264573
31266918
31299437
31324938
31384292
31388539
31401250
31433138
31445650
31462238
31462458
31566050
31642609
31668607
31678547
31689628
31690496
31766862
31768585
31770114
31799296
31804414
31822181
31872020
31872025
31879383
31881196
31885692
31900381
31903437
31908235
31917075
31971227
31981338
32005045
32030212
32050985
32077558
32123719
32161742
32176172
32215632
32219487
32282759
32309363
32318653
32342028
32345905
32353437
32360874
32370809
32391760
32395057
32404137
32535558
3254097
32551164
32577052
32590555
32634836
32650981
32652795
32656983
32669087
32682070
32742393
32749173
32754746
32841046
32845736
32850255
32873313
32876772
32890348
32909107
32931977
32944413
32958343
32962828
32963408
33010876
33039219
33045492
33047560
33062899
33093293
33095279
33146583
33178892
33209362
33210171
33212228
33289872
33338391
33378045
33388786
33392330
33401122
33433646
33461776
33468313
33522281
335257
33547910
33559982
33574026
33583412
33586421
33590301
33593526
33604709
33607414
33612257
3361709
33634248
33653849
33674241
33675706
33743671
33774448
33778146
33795145
33814108
33838406
33852561
33915874
33938512
33951024
33983463
34016925
34016934
34019457
34034947
34051981
34164169
34167761
34214544
34215437
34238861
34268852
34274755
34277174
34333416
34333944
343895
34397957
34407006
34407007
34407008
34407009
34417409
34446656
34447588
34458543
34491948
34503907
34515422
34565619
34629459
34669317
34676403
34686638
34732075
347566
34762547
34774272
34806413
34825571
34839727
34853398
34859685
34882590
34882593
34953578
34962440
34974748
34978206
34979812
35005170
35022803
35024873
35081599
35088110
35101018
35118558
35128563
35134941
35137253
35175960
35192003
35193117
35212792
35251663
35317373
35319546
35334521
35390577
35393383
35444157
35461693
35489820
35513938
35522129
35588289
35594515
35618606
35638213
35647014
35655728
35657504
35665200
35680436
35723830
35766917
35794958
35812674
35812719
35829736
35836219
35839280
358491
35892299
35914987
35935502
35948245
35972185
35993872
36001117
36008560
36018371
36036820
36056421
36063892
36096575
36099494
36111139
36121229
36121283
36129720
36149855
36151336
36155586
36199720
36210206
36210605
36219110
36226137
36280417
36283879
36285534
36294705
36301075
36318281
36320990
36389320
36401000
36411547
36498097
36523662
36538126
36550676
36563451
36579237
36579572
36600614
36623327
36653803
36676700
36683636
36710576
36728349
36730005
36730672
36730674
36732149
36747271
36755767
36759310
36774266
36876407
36878787
36905532
36910095
3691226
36925375
36949054
37009603
37010189
37014429
37016647
37023689
37038166
37079864
37082302
37107898
37123889
37127500
3713385
37143770
37150724
37165478
37183169
37193637
37195634
37204325
37226072
3722919
37233210
37251432
37263888
37317861
37334278
37347011
37353448
37390760
37401951
37403105
37424914
37425453
37436467
37501312
37533145
37561659
37568281
37573062
37580688
37608454
376231
37624405
37646136
37652832
37688535
37691685
37697466
3770934
37710365
37728432
37741705
37742123
37797395
37804678
37818507
37822127
37828658
37829598
37853722
37858443
37866069
37868848
37872459
37889926
37903489
37934655
37936903
37985825
37989063
38033526
38038173
38090313
38098070
38103322
38111716
38124319
38144508
38151437
38151911
38167568
38172889
38196120
38206442
38214732
38225829
38249907
38256413
38274023
38274933
38290909
38317185
38366645
38379691
38395963
38419582
38421963
38430894
38435437
38492065
38496000
38504282
38523131
38548709
38553337
38567241
38569537
38596898
38629496
38633376
38638329
38644172
38644174
38644175
38644176
38644177
38649314
38671072
38718222
38723239
38756313
38762403
38762943
38772241
38788469
38805378
38883939
38883955
38914078
38925669
38945079
38955570
3897557
39005708
39033597
39056524
39093098
39146613
39153364
39161374
39178567
39205698
39268098
39281216
39282924
39294006
39300348
39303646
39330939
39342270
39350316
39380599
39381704
39383613
39384499
39405440
39425134
39447478
39499986
39548542
3956322
39563432
39628689
39650795
39705495
39707113
39708166
39708178
39733286
39768942
39781151
39786558
39786597
39808710
39808714
39808715
39808716
39815843
39820653
39820681
39845586
39845610
39848935
39853412
39856261
39856347
39856437
39881319
39910551
39917544
39969627
39988916
40019593
40026458
40042638
40050041
40079510
40092316
40097457
40119455
4013940
40143476
40188608
40230048
40232329
40240230
40257959
40258685
40264612
40299043
40299046
4030828
4035027
40350351
40353882
40375321
40384286
40384973
40390007
40392360
40400729
40443478
40448485
40458615
40500029
40507409
40511755
40520755
40530208
40552209
40554841
40556002
40564411
40608005
40635080
40640935
40671183
40698249
40743442
40760518
40760552
4080200
40802491
40802492
40807205
40821762
40827808
40828196
40828411
40834660
40835768
4083759
40844620
40846532
4086707
40870403
40875002
40904526
40936875
40950920
4095871
40976804
40986042
40988954
41054994
41076490
41114706
41158727
41191453
41198081
41224364
41233201
41238910
41261662
41278519
41303077
41322230
41354490
41390722
41399211
41405392
41407571
41408868
41444540
41466428
41480438
41499444
41522128
41528490
41552809
41555354
41565515
41578721
41604277
41609836
41618773
41619311
41621748
41667081
41673833
41701566
41717726
41772696
41815651
41816451
41854815
41881849
41913920
41927159
41935890
41935891
41936533
41965210
41972215
41982375
41997839
42007603
42028813
42030418
42034517
42041126
42058658
4207125
42101005
42102768
42130336
4420398
4531500
4570439
461316
461319
461320
461338
4665248
483193
489353
4962126
4998485
5148563
525077
591593
6123625
6179200
6183778
6232117
6493553
6512895
661347
6656509
666548
6674397
6854673
6857844
6865226
7026582
7046093
7056063
7070977
7153006
7153007
7168274
7175186
7232951
7269093
7290645
7300523
7300524
7324599
7343005
7414876
7454057
7460682
7659257
7702326
7753541
7753571
7773759
8091545
815798
8158709
8168882
8197428
8261936
8274119
8523879
8655087
8767139
8800183
8881133
9011666
921075
9253932
9255355
9308661
934659
9384791
9402664
9422183
9513538
9564284
9594898
9654924
9677841
9739865
9762393
9805739
9930526
