42101005
41854815
41816451
41772696
41621748
41619311
41609836
41604277
41565515
41528490
41499444
41466428
41407571
41405392
41390722
41303077
41238910
41224364
41198081
41114706
41076490
41054994
40986042
40976804
40904526
40870403
40875002
40844620
40835768
40834660
40828411
40828196
40827808
40802492
40760552
40743442
40640935
40635080
40608005
40556002
40554841
40511755
40458615
40392360
40390007
40375321
40353882
40350351
40299046
40299043
40232329
40230048
40143476
40119455
40097457
40079510
40050041
40019593
39988916
39969627
39910551
39856437
39856347
39856261
39848935
39820653
39815843
39786597
39733286
39708178
39708166
39705495
39628689
39563432
39548542
39499986
39447478
39405440
39383613
39350316
39342270
39303646
39300348
39294006
39178567
39153364
39056524
39033597
38955570
38914078
38805378
38788469
38762943
38756313
38718222
38671072
38649314
38644176
38644175
38644174
38644172
38629496
38569537
38553337
38421963
38366645
38196120
38151437
37934655
37903489
37697466
37691685
37624405
37608454
37501312
37436467
37425453
40026458
37390760
37353448
37226072
37193637
37143770
37107898
36876407
36774266
36730672
36600614
36579572
36563451
36523662
36498097
36318281
36301075
36294705
36285534
36280417
36210605
36129720
36111139
39380599
36008560
35948245
35829736
35680436
35657504
35513938
35489820
35444157
39845610
35393383
35319546
35137253
35128563
35024873
35022803
34979812
34978206
34974748
34853398
34732075
34686638
34669317
34458543
34446656
34333944
34268852
34215437
34167761
34016925
33951024
33852561
33838406
33675706
33653849
33612257
33607414
33583412
33574026
33559982
33468313
33461776
33433646
33401122
33388786
33378045
33338391
33178892
33146583
33095279
33062899
33039219
32841046
32754746
32749173
32682070
32669087
32656983
32652795
32634836
32577052
32391760
32360874
32219487
32215632
32176172
32050985
32005045
31981338
31900381
31879383
31804414
31766862
31690496
31678547
31642609
31445650
31433138
31401250
31384292
31324938
31299437
31266918
31220003
31205759
31157389
31126359
31068507
31045734
31022284
30989244
30967454
30946326
30878761
30857639
30815215
30813220
30772291
30739088
30704218
30632341
30503600
30482588
30482587
30479250
30450203
30442372
30418334
30276722
30229337
30211790
30180219
30170393
30132024
30073550
30063592
30043074
30040261
29981613
29963392
29793897
29785655
29766079
29687275
29563370
29525055
29500508
29402425
29368085
29331435
29318889
29180034
29088559
29088557
29077677
29055760
29042090
28902086
28852836
28850860
28822378
28822364
28549363
28538630
28376814
28291768
28126195
28030506
28007867
27984449
27939010
27916036
27912931
27793168
27572614
27495253
27461999
27438051
27387790
27355282
27272917
27224037
27192468
27084543
27067863
26850079
26595710
26556021
26506935
26402525
26324411
26273137
26246061
26033132
25982604
25748665
25639044
25403887
25301418
25193951
24887796
24743414
24640358
24502014
24458047
24414144
24332957
24182470
24075300
23764613
23722899
23627147
23420330
23415550
23287754
23142996
23077892
23036605
23007016
23006695
22943086
22936227
22910817
22815325
22767298
22706659
22374073
22351879
22182898
22182862
21870393
21870389
21825950
21817910
21706805
21351621
21248650
21244706
21243572
21161746
20638653
20539173
20214344
20132505
20078530
20068479
19935113
19901662
19877774
19815423
19760385
19573871
19522211
19419619
19408603
19351464
19252022
18941102
18098083
17984019
17514061
17262180
17227272
21318951
17058658
17058657
17029121
16770235
16631702
16322967
16308678
16214360
15919275
15628710
15370594
15353456
15074182
14743032
14608152
14569484
14569483
14510113
12950135
12103366
12030045
11990843
11820411
11509269
11340704
10917472
10443524
10353551
10215225
9805739
9762393
9677841
9654924
9564284
9402664
8800183
8881133
8767139
9011666
7753541
7659257
7753571
8655087
7702326
8091545
8158709
8274119
8261936
8197428
8168882
1637248
1616723
1285977
1998429
2052941
1864750
2292480
2263244
2266261
2369204
1693329
9308661
2648015
2805926
3254097
3722919
4095871
4030828
4013940
4086707
6512895
6232117
6854673
6183778
7046093
7070977
7153006
6179200
7026582
7232951
7324599
7454057
7460682
461338
376231
358491
661347
347566
921075
335257
934659
1270498
1100923
4207125
4570439
4665248
4998485
4962126
